Chad,2008,	866.0,866,866
Cuba,2008,	468.0,468,468
Fiji,2008,	752.0,752,752
Iraq,2008,	691.0,691,691
Mali,2008,	733.0,733,733
Niue,2008,	558.0,558,558
Oman,2008,	648.0,648,648
Peru,2008,	387.0,387,387
Togo,2008,	716.0,716,716
Benin,2008,	804.0,804,804
Chile,2008,	419.0,419,419
China,2008,	604.0,604,604
Congo,2008,	811.0,811,811
Egypt,2008,	749.0,749,749
Gabon,2008,	660.0,660,660
Ghana,2008,	711.0,711,711
Haiti,2008,	697.0,697,697
India,2008,	685.0,685,685
Italy,2008,	342.0,342,342
Japan,2008,	273.0,273,273
Kenya,2008,	681.0,681,681
Libya,2008,	655.0,655,655
Malta,2008,	391.0,391,391
Nauru,2008,	1092.0,1092,1092
Nepal,2008,	620.0,620,620
Niger,2008,	647.0,647,647
Palau,2008,	587.0,587,587
Qatar,2008,	392.0,392,392
Samoa,2008,	683.0,683,683
Spain,2008,	351.0,351,351
Sudan,2008,	897.0,897,897
Tonga,2008,	670.0,670,670
Yemen,2008,	807.0,807,807
Angola,2008,	842.0,842,842
Belize,2008,	497.0,497,497
Bhutan,2008,	735.0,735,735
Brazil,2008,	534.0,534,534
Canada,2008,	346.0,346,346
Cyprus,2008,	371.0,371,371
France,2008,	336.0,336,336
Gambia,2008,	735.0,735,735
Greece,2008,	388.0,388,388
Guinea,2008,	932.0,932,932
Guyana,2008,	677.0,677,677
Israel,2008,	337.0,337,337
Jordan,2008,	727.0,727,727
Kuwait,2008,	399.0,399,399
Latvia,2008,	666.0,666,666
Malawi,2008,	999.0,999,999
Mexico,2008,	493.0,493,493
Monaco,2008,	320.0,320,320
Norway,2008,	363.0,363,363
Panama,2008,	394.0,394,394
Poland,2008,	546.0,546,546
Rwanda,2008,	740.0,740,740
Serbia,2008,	712.0,712,712
Sweden,2008,	358.0,358,358
Turkey,2008,	590.0,590,590
Tuvalu,2008,	1015.0,1015,1015
Uganda,2008,	888.0,888,888
Zambia,2008,	938.0,938,938
Albania,2008,	716.0,716,716
Algeria,2008,	523.0,523,523
Andorra,2008,	338.0,338,338
Armenia,2008,	902.0,902,902
Austria,2008,	373.0,373,373
Bahamas,2008,	457.0,457,457
Bahrain,2008,	590.0,590,590
Belarus,2008,	749.0,749,749
Belgium,2008,	367.0,367,367
Burundi,2008,	839.0,839,839
Comoros,2008,	789.0,789,789
Croatia,2008,	560.0,560,560
Denmark,2008,	440.0,440,440
Ecuador,2008,	400.0,400,400
Eritrea,2008,	670.0,670,670
Estonia,2008,	585.0,585,585
Finland,2008,	377.0,377,377
Georgia,2008,	670.0,670,670
Germany,2008,	394.0,394,394
Grenada,2008,	580.0,580,580
Hungary,2008,	648.0,648,648
Iceland,2008,	332.0,332,332
Ireland,2008,	385.0,385,385
Jamaica,2008,	518.0,518,518
Lebanon,2008,	597.0,597,597
Lesotho,2008,	774.0,774,774
Liberia,2008,	766.0,766,766
Morocco,2008,	597.0,597,597
Myanmar,2008,	667.0,667,667
Namibia,2008,	791.0,791,791
Nigeria,2008,	809.0,809,809
Romania,2008,	643.0,643,643
Senegal,2008,	665.0,665,665
Somalia,2008,	967.0,967,967
Tunisia,2008,	465.0,465,465
Ukraine,2008,	823.0,823,823
Uruguay,2008,	524.0,524,524
Vanuatu,2008,	687.0,687,687
Barbados,2008,	488.0,488,488
Botswana,2008,	606.0,606,606
Bulgaria,2008,	693.0,693,693
Cambodia,2008,	748.0,748,748
Cameroon,2008,	879.0,879,879
Colombia,2008,	404.0,404,404
Djibouti,2008,	809.0,809,809
Dominica,2008,	632.0,632,632
Ethiopia,2008,	903.0,903,903
Honduras,2008,	729.0,729,729
Kiribati,2008,	703.0,703,703
Malaysia,2008,	526.0,526,526
Maldives,2008,	598.0,598,598
Mongolia,2008,	713.0,713,713
Pakistan,2008,	711.0,711,711
Paraguay,2008,	470.0,470,470
Portugal,2008,	394.0,394,394
Slovakia,2008,	595.0,595,595
Slovenia,2008,	405.0,405,405
Suriname,2008,	572.0,572,572
Thailand,2008,	675.0,675,675
Viet Nam,2008,	607.0,607,607
Zimbabwe,2008,	622.0,622,622
Argentina,2008,	501.0,501,501
Australia,2008,	330.0,330,330
Guatemala,2008,	471.0,471,471
Indonesia,2008,	647.0,647,647
Lithuania,2008,	637.0,637,637
Mauritius,2008,	664.0,664,664
Nicaragua,2008,	499.0,499,499
Singapore,2008,	313.0,313,313
Sri Lanka,2008,	623.0,623,623
Swaziland,2008,	867.0,867,867
Azerbaijan,2008,	935.0,935,935
Bangladesh,2008,	702.0,702,702
Cabo Verde,2008,	538.0,538,538
Costa Rica,2008,	409.0,409,409
Kazakhstan,2008,	985.0,985,985
Kyrgyzstan,2008,	913.0,913,913
Luxembourg,2008,	362.0,362,362
Madagascar,2008,	706.0,706,706
Mauritania,2008,	746.0,746,746
Montenegro,2008,	640.0,640,640
Mozambique,2008,	908.0,908,908
San Marino,2008,	312.0,312,312
Seychelles,2008,	591.0,591,591
Tajikistan,2008,	730.0,730,730
Uzbekistan,2008,	838.0,838,838
Afghanistan,2008,	1117.0,1117,1117
El Salvador,2008,	523.0,523,523
Netherlands,2008,	377.0,377,377
New Zealand,2008,	369.0,369,369
Philippines,2008,	599.0,599,599
Saint Lucia,2008,	517.0,517,517
Switzerland,2008,	323.0,323,323
Timor-Leste,2008,	560.0,560,560
Burkina Faso,2008,	810.0,810,810
Cook Islands,2008,	455.0,455,455
Saudi Arabia,2008,	644.0,644,644
Sierra Leone,2008,	763.0,763,763
South Africa,2008,	635.0,635,635
Turkmenistan,2008,	1016.0,1016,1016
Guinea-Bissau,2008,	916.0,916,916
Czech Republic,2008,	496.0,496,496
United Kingdom,2008,	401.0,401,401
Solomon Islands,2008,	623.0,623,623
Côte d’Ivoire,2008,	942.0,942,942
Marshall Islands,2008,	1289.0,1289,1289
Papua New Guinea,2008,	748.0,748,748
Brunei Darussalam,2008,	520.0,520,520
Equatorial Guinea,2008,	854.0,854,854
Republic of Korea,2008,	355.0,355,355
Dominican Republic,2008,	573.0,573,573
Russian Federation,2008,	797.0,797,797
Antigua and Barbuda,2008,	548.0,548,548
Republic of Moldova,2008,	831.0,831,831
Trinidad and Tobago,2008,	673.0,673,673
Syrian Arab Republic,2008,	619.0,619,619
United Arab Emirates,2008,	406.0,406,406
Saint Kitts and Nevis,2008,	640.0,640,640
Sao Tome and Principe,2008,	605.0,605,605
Bosnia and Herzegovina,2008,	584.0,584,584
Central African Republic,2008,	870.0,870,870
United States of America,2008,	418.0,418,418
Iran (Islamic Republic of),2008,	599.0,599,599
United Republic of Tanzania,2008,	745.0,745,745
Bolivia (Plurinational State of),2008,	644.0,644,644
Democratic Republic of the Congo,2008,	837.0,837,837
Lao People's Democratic Republic,2008,	771.0,771,771
Micronesia (Federated States of),2008,	704.0,704,704
Saint Vincent and the Grenadines,2008,	596.0,596,596
Venezuela (Bolivarian Republic of),2008,	433.0,433,433
Democratic People's Republic of Korea,2008,	548.0,548,548
The former Yugoslav Republic of Macedonia,2008,	688.0,688,688
