Asia,2000,	16763.8,48167,1
Asia,2001,	16079.6,46420,5
Asia,2002,	21279.8,45736,2
Asia,2003,	20597.4,44331,3
Asia,2004,	20914.2,46490,2
Asia,2005,	19420.2,45095,2
Asia,2006,	18987.4,44961,3
Asia,2007,	19684.8,45362,3
Asia,2008,	20015.2,45999,1
Asia,2009,	20883.8,45824,3
Asia,2010,	20920.2,46460,1
Asia,2011,	20696.0,47640,1
Asia,2012,	19860.4,47478,4
Asia,2013,	17060.0,45878,1
Asia,2014,	16541.6,47356,1
Asia,2015,	13798.0,44373,1
Asia,2016,	16748.6,42320,1
Asia,2017,	13966.0,41017,2
Asia,2018,	15122.2,40985,2
Asia,2019,	11994.6,40479,2
Asia,2020,	8494.6,40651,2
Africa,2000,	4801.8,21758,26
Africa,2001,	5083.0,21405,184
Africa,2002,	5498.0,21553,78
Africa,2003,	5395.6,19824,12
Africa,2004,	5651.2,18793,1
Africa,2005,	4871.0,18528,25
Africa,2006,	5192.4,19106,4
Africa,2007,	1856.0,2645,4
Africa,2008,	6014.2,18084,5
Africa,2009,	5765.6,16767,5
Africa,2010,	6876.2,15893,6
Africa,2011,	7206.8,15554,6
Africa,2012,	9444.2,16213,4
Africa,2013,	5754.2,17023,18
Africa,2014,	5687.0,17805,16
Africa,2015,	5883.4,18673,7
Africa,2016,	6367.6,19016,12
Africa,2017,	5875.2,20336,7
Africa,2018,	5731.8,21036,9
Africa,2019,	5571.2,21325,10
Africa,2020,	5685.0,19846,36
Europe,2000,	11264.6,41090,4
Europe,2001,	11724.2,42921,1
Europe,2002,	11811.8,44252,1
Europe,2003,	10249.6,41764,3
Europe,2004,	9676.4,39256,1
Europe,2005,	8932.4,35636,1
Europe,2006,	7449.0,28844,2
Europe,2007,	6867.0,25377,2
Europe,2008,	5420.4,18188,1
Europe,2009,	5179.6,17659,1
Europe,2010,	4922.2,16690,1
Europe,2011,	4400.0,16175,1
Europe,2012,	4828.4,16247,1
Europe,2013,	4255.4,16033,1
Europe,2014,	4901.4,16516,1
Europe,2015,	4403.2,16646,1
Europe,2016,	4182.2,15864,1
Europe,2017,	4203.8,13293,1
Europe,2018,	3294.6,11964,1
Europe,2019,	3154.6,11202,1
Europe,2020,	2810.0,10697,1
Oceania,2000,	177.0,465,1
Oceania,2001,	170.6,436,1
Oceania,2002,	182.2,470,2
Oceania,2003,	199.4,609,3
Oceania,2004,	73.2,263,2
Oceania,2005,	197.8,603,4
Oceania,2006,	203.8,610,3
Oceania,2007,	178.4,520,1
Oceania,2008,	197.2,603,1
Oceania,2009,	219.4,697,1
Oceania,2010,	207.4,713,1
Oceania,2011,	66.0,248,1
Oceania,2012,	63.4,243,1
Oceania,2013,	63.8,245,3
Oceania,2014,	61.8,243,3
Oceania,2015,	58.2,236,3
Oceania,2016,	56.0,227,3
Oceania,2017,	50.0,208,7
Oceania,2018,	47.2,221,2
Oceania,2019,	72.8,225,1
Oceania,2020,	48.4,221,1
Americas,2000,	24882.6,45360,1
Americas,2001,	27111.2,47943,1
Americas,2002,	27498.4,49695,1
Americas,2003,	23861.4,51043,2
Americas,2004,	22235.2,48374,1
Americas,2005,	22110.8,47578,1
Americas,2006,	26203.8,49145,1
Americas,2007,	26290.2,47707,2
Americas,2008,	25494.4,50113,1
Americas,2009,	29865.8,51434,1
Americas,2010,	30698.2,52260,4
Americas,2011,	31799.6,52198,1
Americas,2012,	32354.0,56337,1
Americas,2013,	28174.0,56804,1
Americas,2014,	31157.6,59681,2
Americas,2015,	29881.0,58138,4
Americas,2016,	31846.8,61143,3
Americas,2017,	32045.2,63748,5
Americas,2018,	29876.2,55914,12
Americas,2019,	26735.2,44033,3
Americas,2020,	24672.8,43879,15
